0.893741
0.816243
0.947423
0.240320
0.579701
0.188815
0.351277
0.606256
0.644568
0.615260
0.879023
0.750864
0.803755
0.252760
0.220532
0.121704
0.384364
0.144197
0.585170
0.780288
0.208191
0.653159
0.477173
0.910996
0.591885
0.451052
0.763695
0.990972
0.112793
0.601943
0.268066
0.393783
0.649892
0.575208
0.613878
0.807013
0.598717
0.644758
0.733097
0.147301
0.235312
0.181020
0.147829
0.224362
0.908089
0.817125
0.301532
0.983674
0.110800
0.084687
0.304918
0.437461
0.273102
0.589449
0.277870
0.809045
0.635009
0.370494
0.717359
0.353879
0.178995
0.045060
0.510689
0.186250
0.628936
0.799935
0.293538
0.147817
0.716065
0.172260
0.838665
0.155801
0.261969
0.940788
0.467688
0.628718
0.024445
0.907719
0.253578
0.687543
0.197051
0.435649
0.227253
0.567215
0.832590
0.242715
0.935134
0.109428
0.928035
0.537005
0.046721
0.000187
0.739495
0.124991
0.530225
0.162857
0.622241
0.022888
0.365453
0.486533
0.259032
0.847749
0.017046
0.321165
0.652643
0.351915
0.962846
0.205018
0.847819
0.893221
0.850367
0.811611
0.934516
0.579560
0.903380
0.936077
0.831337
0.551851
0.478085
0.357828
0.172458
0.910977
0.348255
0.145527
0.691182
0.033300
0.174657
0.376528
0.771486
0.378106
0.465153
0.000993
0.017952
0.972355
0.777606
0.200177
0.551515
0.763577
0.549431
0.823044
0.084087
0.388616
0.788082
0.779625
0.906871
0.625562
0.573151
0.683192
0.887582
0.763785
0.610218
0.474637
0.732426
0.427902
0.073708
0.871420
0.020736
0.312419
0.927016
0.813659
0.547273
0.767463
0.561868
0.840124
0.114737
0.415418
0.598055
0.740219
0.245608
0.707021
0.728155
0.697242
0.589398
0.476284
0.242507
0.511470
0.199556
0.348315
0.315686
0.541203
0.440111
0.744872
0.578738
0.467717
0.749996
0.515810
0.788445
0.792989
0.773178
0.806829
0.871447
0.869972
0.325843
0.949213
0.977541
0.505264
0.297044
0.234371
0.026271
0.912972
0.167995
0.946785
0.569007
0.996955
0.932191
0.694598
0.765228
0.243122
0.004263
0.582301
0.484700
0.281378
0.316881
0.599572
0.278303
0.653361
0.436398
0.103207
0.856908
0.049783
0.134935
0.036553
0.510007
0.127985
0.208278
0.145368
0.312644
0.799158
0.337597
0.018271
0.196188
0.457387
0.444775
0.382582
0.366165
0.583070
0.929259
0.997432
0.480177
0.223506
0.942322
0.504261
0.786774
0.999362
0.499168
0.033361
0.074540
0.641211
0.788663
0.766060
0.862464
0.140840
0.553760
0.452084
0.289589
0.957016
0.866095
0.297028
0.258215
0.411789
0.402170
0.226871
0.806016
0.846297
0.843945
0.190431
0.145395
0.580474
0.370297
0.580836
0.061554
0.016068
0.940803
0.357689
0.089706
0.699156
0.733857
0.383788
0.559777
0.995008
0.129842
0.478815
0.569469
0.150990
0.614178
0.134335
0.282841
0.592475
0.047528
0.707208
0.388137
0.193697
0.135640
0.238363
0.806429
0.789288
0.981336
0.512464
0.579559
0.847497
0.330960
0.854360
0.361825
0.740587
0.372336
0.063476
0.667130
0.397354
0.368040
0.568610
0.729500
0.110976
0.436901
0.033265
0.926867
0.174113
0.484481
0.965339
0.206513
0.987857
0.573551
0.523207
0.697383
0.197596
0.892500
0.242338
0.105837
0.851632
0.076709
0.249475
0.784625
0.120121
0.176056
0.495706
0.337582
0.181609
0.920089
0.253190
0.566193
0.602085
0.809495
0.830859
0.592165
0.803883
0.639622
0.232734
0.413635
0.013944
0.969276
0.492159
0.318270
0.409371
0.620094
0.614495
0.827303
0.337118
0.314795
0.646605
0.306041
0.852248
0.356979
0.702809
0.947185
0.412751
0.562566
0.917757
0.623333
0.112736
0.133700
0.584690
0.137468
0.331951
0.470841
0.909909
0.975612
0.193015
0.110340
0.997148
0.081157
0.055336
0.619245
0.154241
0.956655
0.202629
0.546313
0.680952
0.027372
0.125212
0.265162
0.391024
0.404867
0.141372
0.441585
0.112728
0.025614
0.872123
0.303885
0.681290
0.672364
0.169049
0.678418
0.275410
0.827025
0.545575
0.442031
0.705414
0.550638
0.794917
0.922090
0.234513
0.971195
0.491023
0.548357
0.187274
0.356573
0.648203
0.175067
0.420991
0.530273
0.036813
0.753513
0.824185
0.186172
0.039625
0.702143
0.215570
0.394373
0.228869
0.122195
0.393064
0.396217
0.790272
0.277924
0.391929
0.440057
0.135197
0.577418
0.422988
0.165091
0.902521
0.549160
0.370174
0.665986
0.930940
0.197307
0.050802
0.717940
0.029221
0.752716
0.106630
0.273538
0.993076
0.476272
0.044106
0.034626
0.374497
0.796795
0.167075
0.369745
0.325872
0.502587
0.438701
0.651252
0.399226
0.511516
0.361930
0.879910
0.712353
0.880600
0.101794
0.349867
0.983731
0.229549
0.054631
0.329055
0.719169
0.006460
0.542983
0.174404
0.940412
0.098726
0.025200
0.923838
0.868242
0.304709
0.190028
0.835487
0.185250
0.938721
0.194397
0.951781
0.130712
0.540562
0.364626
0.391954
0.375623
0.700701
0.303155
0.691065
0.925874
0.542785
0.577385
0.234271
0.845234
0.261072
0.815996
0.247913
0.176847
0.718484
0.464616
0.418494
0.598501
0.611654
0.260364
0.947226
0.155187
0.936093
0.657532
0.435437
0.405389
0.231235
0.095914
0.964991
0.887743
0.866300
0.346601
0.936252
0.954340
0.993183
0.486447
0.292156
0.639388
0.357954
0.474917
0.126954
0.118948
0.341359
0.612731
0.768913
0.750099
0.820757
0.205329
0.789511
0.729058
0.800584
0.358158
0.960749
0.972134
0.664370
0.216119
0.818564
0.622181
0.125448
0.509905
0.927816
0.256394
0.932749
0.657284
0.966313
0.329707
0.722898
0.679276
0.078263
0.570122
0.734951
0.645718
0.623230
0.482847
0.502739
0.587223
0.079779
0.698273
0.298394
0.521937
0.700292
0.265014
0.556609
0.024271
0.380958
0.346941
0.458044
0.373270
0.386331
0.163711
0.477704
0.943718
0.192883
0.950072
0.294093
0.852969
0.265084
0.663314
0.100917
0.156888
0.480279
0.544257
0.198853
0.824071
0.718379
0.375926
0.277726
0.821949
0.624778
0.362091
0.410700
0.959607
0.291499
0.552449
0.648754
0.779604
0.945537
0.070477
0.264620
0.222026
0.156477
0.225932
0.319574
0.376864
0.995561
0.092450
0.667613
0.165684
0.955934
0.800176
0.340288
0.291290
0.780435
0.283870
0.678756
0.362439
0.425400
0.327396
0.229595
0.572109
0.638893
0.728077
0.327941
0.879942
0.164999
0.270998
0.382736
0.901307
0.543986
0.152811
0.645129
0.726961
0.158143
0.880866
0.635255
0.839722
0.488179
0.964775
0.618412
0.467718
0.140114
0.777051
0.674546
0.189560
0.850626
0.581290
0.954248
0.504207
0.879479
0.702331
0.954752
0.405905
0.858525
0.237828
0.979528
0.874799
0.595777
0.173599
0.742389
0.075704
0.872028
0.920606
0.170592
0.741657
0.765824
0.052102
0.683702
0.276167
0.685337
0.676015
0.156314
0.343898
0.349721
0.231465
0.996032
0.043519
0.207552
0.337952
0.800745
0.463460
0.661497
0.840032
0.854834
0.471778
0.156893
0.623251
0.926012
0.580467
0.071086
0.393018
0.373957
0.724947
0.322666
0.624683
0.304017
0.070059
0.557266
0.682445
0.844621
0.400058
0.420549
0.077238
0.819477
0.203265
0.063131
0.551382
0.546823
0.879329
0.060647
0.631430
0.551559
0.822433
0.957836
0.968698
0.011829
0.009273
0.999976
0.915566
0.295153
0.236304
0.125384
0.636171
0.734966
0.794715
0.156194
0.225566
0.487257
0.007041
0.853063
0.686509
0.632201
0.449849
0.907345
0.743306
0.142510
0.212678
0.901148
0.176418
0.672418
0.992573
0.405305
0.764496
0.953158
0.141415
0.271796
0.993847
0.937659
0.342291
0.422799
0.111689
0.731662
0.934186
0.734365
0.250038
0.305093
0.356350
0.495031
0.586234
0.622437
0.067326
0.884553
0.283257
0.016126
0.755559
0.289280
0.612519
0.182940
0.205652
0.380096
0.197666
0.439723
0.778453
0.937628
0.499667
0.629592
0.462094
0.167890
0.462543
0.743741
0.001698
0.770319
0.817767
0.608178
0.104131
0.145173
0.480802
0.426511
0.236177
0.028319
0.281400
0.744077
0.743927
0.888550
0.202440
0.462727
0.074858
0.431384
0.181169
0.718779
0.381574
0.326583
0.958356
0.146834
0.450231
0.233120
0.542325
0.398147
0.958719
0.364752
0.577520
0.714359
0.411463
0.780977
0.383023
0.069154
0.544304
0.429770
0.416160
0.988674
0.920961
0.557198
0.852244
0.322625
0.564454
0.486011
0.785123
0.622543
0.558792
0.188623
0.363818
0.115830
0.957206
0.362349
0.206580
0.113220
0.612435
0.225564
0.564727
0.990988
0.763616
0.941540
0.091452
0.887308
0.137614
0.414110
0.554493
0.361282
0.813755
0.957715
0.725432
0.317397
0.463015
0.232154
0.346439
0.208918
0.899898
0.333183
0.322444
0.811863
0.069006
0.406038
0.561280
0.342951
0.721979
0.187517
0.402347
0.077081
0.459427
0.933828
0.336599
0.956007
0.471410
0.178077
0.544705
0.623936
0.509136
0.485293
0.457196
0.890854
0.534818
0.490849
0.991521
0.177999
0.220708
0.712799
0.511779
0.602270
0.645569
0.433958
0.478973
0.999645
0.541755
0.037602
0.087818
0.608242
0.877176
0.126255
0.162717
0.946799
0.499804
0.408045
0.518328
0.882006
0.430557
0.213011
0.942801
0.241473
0.296764
0.417859
0.729932
0.269877
0.497585
0.520173
0.623614
0.130716
0.322817
0.224986
0.566055
0.950821
0.783601
0.942827
0.513958
0.540455
0.433936
0.382812
0.532782
0.571572
0.269734
0.583491
0.801637
0.598438
0.462268
0.629053
0.490819
0.419283
0.003786
0.247994
0.988654
0.796572
0.083334
0.858419
0.588834
0.119100
0.687379
0.822776
0.952220
0.237589
0.125895
0.883215
0.748779
0.252469
0.870180
0.351523
0.375274
0.198085
0.813578
0.992485
0.922130
0.463850
0.779784
0.115205
0.974363
0.968984
0.433195
0.061675
0.132658
0.080813
0.018584
0.478200
0.178469
0.624840
0.638422
0.424650
0.563685
0.689895
0.650403
0.996357
0.766216
0.960270
0.523903
0.360783
0.142850
0.226675
0.637498
0.917793
0.775932
0.207688
0.782893
0.328923
0.822950
0.403743
0.846600
0.806039
0.311777
0.875409
0.828353
0.818597
0.323208
0.836821
0.927945
0.987304
0.949567
0.287991
0.264734
0.918787
0.338184
0.568626
0.335113
0.577389
0.637141
0.980173
0.198768
0.240680
0.059519
0.824980
0.761036
0.219306
0.634064
0.918137
0.159448
0.482371
0.396470
0.280051
0.684323
0.119128
0.897955
0.953032
0.724693
0.759617
0.547945
0.885842
0.313654
0.215050
0.838150
0.250775
0.658495
0.022112
0.215494
0.924370
0.357943
0.804069
0.523871
0.975824
0.854423
0.184078
0.779863
0.245107
0.701405
0.428710
0.938836
0.691557
0.745873
0.151241
0.087309
0.911693
0.571714
0.013435
0.250865
0.905886
0.677771
0.962807
0.579032
0.477167
0.515867
0.145794
0.694385
0.513425
0.566993
0.979836
0.783123
0.813537
0.568002
0.910661
0.331757
0.718021
0.139016
0.907449
0.840612
0.325416
0.227250
0.788577
0.928024
0.329045
0.144775
0.597891
0.233881
0.205768
0.209982
0.707892
0.869480
0.301097
0.169943
0.181597
0.703613
0.349498
0.850811
0.489768
0.708066
0.463564
0.240842
0.786839
0.108361
0.846229
0.541550
0.747246
0.026708
0.687926
0.997002
0.877908
0.899523
0.161642
0.268746
0.491624
0.280194
0.965337
0.531321
0.771823
0.218308
0.854152
0.681033
0.519938
0.513787
0.619133
0.199245
0.694415
0.183173
0.524873
0.794973
0.286593
0.443715
0.099019
0.544491
0.968391
0.667403
0.287458
0.499096
0.365792
0.350044
0.602443
0.743155
0.367659
0.166701
0.591679
0.587369
0.697279
0.340416
0.530872
0.196268
0.939447
0.186873
0.369842
0.355712
0.572008
0.905263
0.272954
0.996498
0.022253
0.642043
0.597442
0.794803
0.530059
0.524763
0.621799
0.498750
0.097093
0.747978
0.324717
0.703259
0.615896
0.789792
0.297014
0.660934
0.071868
0.353716
0.749777
0.892035
0.432575
0.358690
0.653670
0.041480
0.138361
0.699530
0.361099
0.169603
0.458998
0.593754
0.152298
0.188406
0.773339
0.864086
0.223654
0.878038
0.454141
0.955120
0.747697
0.745965
0.596785
0.157005
0.610634
0.899425
0.545087
0.460246
0.791659
0.518020
0.226468
0.576680
0.102660
0.605133
0.245901
0.561119
0.868402
0.859680
0.179028
0.248733
0.752512
0.598706
0.034560
0.441457
0.289405
0.106081
0.463015
0.488368
0.384243
0.277103
0.438529
0.827016
0.171176
0.422524
0.155167
0.408925
0.646341
0.387039
0.634076
0.970903
0.773662
0.818519
0.954910
0.405501
0.253087
0.795106
0.758912
0.703792
0.812771
0.241516
0.056426
0.917644
0.111419
0.764100
0.966114
0.911522
0.704229
0.927138
0.146414
0.157636
0.904024
0.450821
0.466433
0.191303
0.154837
0.933823
0.714425
0.379208
0.688448
0.658847
0.480258
0.429136
0.014673
0.234222
0.471680
0.852504
0.022509
0.045952
0.284799
0.195118
0.969769
0.086615
0.776578
0.950595
0.923629
0.905761
0.138287
0.051159
0.042193
0.130775
0.534946
0.452086
0.488178
0.747599
0.127288
0.293328
0.696917
0.955196
0.987983
0.936124
0.998478
0.041816
0.844894
0.273434
0.424563
0.241947
0.181145
0.274737
0.202668
0.235212
0.780584
0.703186
0.976038
0.922839
0.700877
0.975577
0.331067
0.393320
0.621748
0.138764
0.868337
0.332513
0.884302
0.295283
0.952035
0.358299
0.539037
0.613217
0.802121
0.695362
0.191477
0.551106
0.649085
0.623216
0.821326
0.252757
0.121446
0.608642
0.371405
0.839646
0.963102
0.752074
0.977724
0.971361
0.407961
0.665697
0.540979
0.885919
0.789051
0.456132
0.501717
0.094217
0.308466
0.344976
0.171612
0.747615
0.433933
0.207708
0.301250
0.546378
0.508867
0.873549
0.482683
0.540593
0.827766
0.077498
0.993829
0.971874
0.216016
0.979274
0.810379
0.011479
0.012947
0.204615
0.146185
0.678105
0.263538
0.810620
0.842334
0.282296
0.410104
0.017821
0.667780
0.685260
0.347382
0.224673
0.854092
0.840530
0.935864
0.308888
0.895337
0.975083
0.296854
0.243189
0.328422
0.724899
0.423679
0.086761
0.117854
0.935133
0.895206
0.289530
0.485339
0.311901
0.603101
0.800421
0.823882
0.714184
0.078396
0.247861
0.275569
0.045966
0.350074
0.925888
0.056463
0.938902
0.173792
0.371873
0.299359
0.033461
0.638805
0.336465
0.087398
0.666379
0.886762
0.971687
0.208813
0.217519
0.573551
0.359472
0.552849
0.745355
0.538769
0.920852
0.326097
0.362682
0.788965
0.259278
0.877469
0.421230
0.226933
0.210116
0.731927
0.690785
0.402431
0.924903
0.953638
0.951487
0.324931
0.243508
0.334102
0.825279
0.788684
0.893409
0.872252
0.231011
0.494323
0.080834
0.935747
0.326353
0.613155
0.824700
0.336962
0.401227
0.505735
0.559570
0.481978
0.552943
0.451318
0.996963
0.898970
0.526844
0.778975
0.439818
0.043221
0.548839
0.527537
0.178304
0.288874
0.732967
0.165480
0.432488
0.339864
0.112057
0.080841
0.478136
0.436941
0.254437
0.782505
0.973778
0.770840
0.917853
0.670239
0.224266
0.402023
0.176936
0.550169
0.172927
0.622898
0.530256
0.865362
0.796221
0.425253
0.168716
0.028197
0.711997
0.877113
0.494485
0.265294
0.189230
0.101427
0.892893
0.455617
0.378200
0.869973
0.964607
0.694421
0.033759
0.776476
0.959867
0.569222
0.567693
0.101929
0.485197
0.760228
0.500079
0.556941
0.906186
0.317217
0.215873
0.997659
0.569784
0.937941
0.431830
0.237276
0.951033
0.566110
0.571891
0.318834
0.125170
0.283725
0.678103
0.681895
0.271843
0.518954
0.107718
0.396105
0.325408
0.250929
0.726186
0.286058
0.229124
0.405723
0.434598
0.286379
0.555453
0.163538
0.931890
0.925599
0.123421
0.365153
0.366305
0.804032
0.569731
0.731620
0.311091
0.999890
0.992044
0.534965
0.456902
0.412305
0.793366
0.131842
0.488673
0.994872
0.429859
0.804700
0.517242
0.198181
0.310057
0.567428
0.201502
0.609346
0.978157
0.841928
0.267383
0.735005
0.951076
0.862911
0.610161
0.070368
0.127420
0.748469
0.630286
0.459112
0.558551
0.373866
0.668461
0.213563
0.621262
0.835929
0.300463
0.974012
0.038987
0.573737
0.831995
0.682755
0.752234
0.624805
0.710146
0.622372
0.205583
0.522579
0.969559
0.118098
0.085391
0.487216
0.989896
0.372395
0.270015
0.191787
0.238938
0.796255
0.889961
0.304849
0.363859
0.120323
0.482764
0.414713
0.059106
0.943136
0.248700
0.132762
0.822522
0.355029
0.026356
0.367126
0.499399
0.222982
0.927916
0.486803
0.379207
0.170021
0.920297
0.131017
0.616576
0.974689
0.235558
0.642068
0.029901
0.276752
0.345985
0.235634
0.249528
0.643936
0.963887
0.570855
0.436659
0.289104
0.064456
0.134791
0.946878
0.151975
0.631022
0.355016
0.078315
0.855078
0.335766
0.887394
0.218265
0.063854
0.231999
0.027234
0.637175
0.489365
0.266512
0.341127
0.424349
0.219294
0.572306
0.432460
0.518715
0.176948
0.595591
0.060634
0.238014
0.209993
0.172498
0.663029
0.468837
0.657874
0.502151
0.147082
0.408550
0.006997
0.095005
0.993124
0.317700
0.484517
0.112724
0.721321
0.591556
0.777728
0.431355
0.155341
0.889635
0.121254
0.118918
0.900280
0.416982
0.651906
0.738030
0.173754
0.747896
0.125262
0.024793
0.743103
0.829251
0.589419
0.439012
0.135784
0.602168
0.615656
0.392249
0.394022
0.938233
0.364040
0.681076
0.510186
0.597081
0.747981
0.595909
0.588610
0.765062
0.876209
0.970746
0.177575
0.310679
0.300756
0.804804
0.535178
0.792050
0.232564
0.737808
0.745325
0.045713
0.786385
0.983088
0.657471
0.551599
0.662445
0.570289
0.174480
0.024373
0.259006
0.981622
0.757349
0.935263
0.468474
0.800536
0.697051
0.229675
0.834481
0.794688
0.113868
0.709916
0.095100
0.083459
0.328537
0.588464
0.963969
0.966136
0.806900
0.384245
0.280505
0.824134
0.637839
0.645277
0.817981
0.202939
0.567361
0.821832
0.672419
0.308861
0.277162
0.941087
0.567677
0.393281
0.651643
0.125222
0.461901
0.482434
0.378081
0.421813
0.334943
0.867627
0.686428
0.875762
0.819468
0.079766
0.908419
0.156268
0.811697
0.675282
0.322095
0.623846
0.725026
0.271808
0.722228
0.395985
0.315439
0.630892
0.718422
0.531570
0.769854
0.950363
0.475683
0.223396
0.781803
0.276132
0.037018
0.609975
0.215682
0.793180
0.991164
0.560030
0.506021
0.424356
0.874312
0.528982
0.189737
0.200250
0.766892
0.955687
0.429921
0.215953
0.352969
0.899340
0.032105
0.502501
0.868086
0.037835
0.824852
0.645252
0.016873
0.273601
0.265688
0.015578
0.499730
0.657769
0.839467
0.976903
0.972350
0.338039
0.349506
0.735177
0.582253
0.613671
0.393587
0.414975
0.952287
0.222615
0.132882
0.469591
0.768733
0.945132
0.257457
0.583139
0.608579
0.540204
0.099691
0.227531
0.175497
0.614454
0.974385
0.838370
0.582267
0.186508
0.160212
0.419556
0.169860
0.633406
0.851790
0.095310
0.466004
0.602025
0.386673
0.431858
0.960925
0.465796
0.501714
0.978946
0.072218
0.332230
0.161898
0.431898
0.764452
0.408134
0.463329
0.899242
0.335815
0.943807
0.586438
0.192508
0.064744
0.410302
0.185263
0.166085
0.121241
0.456566
0.422652
0.388152
0.294780
0.815478
0.400398
0.818746
0.564541
0.834015
0.709519
0.650734
0.790094
0.972201
0.833744
0.630264
0.452096
0.306167
0.922653
0.966040
0.278970
0.048683
0.282841
0.822232
0.371405
0.592727
0.430296
0.437594
0.470863
0.004678
0.421371
0.910579
0.457894
0.440895
0.077714
0.437366
0.692928
0.679700
0.688112
0.425865
0.711748
0.278904
0.575714
0.223773
0.259978
0.867200
0.254916
0.774148
0.039435
0.320944
0.578010
0.017808
0.277661
0.990710
0.242274
0.913785
0.296010
0.390092
0.124860
0.069424
0.478366
0.466598
0.674804
0.383298
0.281026
0.024929
0.060648
0.526064
0.804937
0.269436
0.109828
0.132521
0.035153
0.081117
0.748070
0.137729
0.727714
0.674520
0.776298
0.606524
0.031232
0.921012
0.635705
0.863227
0.593345
0.340945
0.792677
0.267949
0.987849
0.788298
0.375154
0.746065
0.129695
0.812645
0.850819
0.306384
0.777609
0.855687
0.896984
0.005626
0.970821
0.195293
0.638870
0.850518
0.786031
0.650591
0.277204
0.311704
0.410788
0.425967
0.575833
0.596872
0.363668
0.336195
0.435293
0.247675
0.289737
0.759158
0.501558
0.942269
0.279543
0.535300
0.589283
0.299860
0.943681
0.403919
0.274318
0.224694
0.269197
0.231920
0.864475
0.453061
